[gd_scene load_steps=5 format=3 uid="uid://by3ebh8umg26x"]

[ext_resource type="PackedScene" uid="uid://ldrc1dffrinq" path="res://assets/blender/Terrain.blend" id="1_ccfgs"]
[ext_resource type="PackedScene" uid="uid://dof1ju5poahls" path="res://addons/object_placer/objects/test_cube.tscn" id="2_4mb20"]
[ext_resource type="PackedScene" uid="uid://dcb518d6oagib" path="res://addons/object_placer/objects/the_cube.tscn" id="3_4t52d"]
[ext_resource type="PackedScene" uid="uid://cpix4kgjyd3t" path="res://addons/object_placer/objects/Tree.blend" id="3_ilmr7"]

[node name="Demo" type="Node3D"]

[node name="Terrain" parent="." instance=ExtResource("1_ccfgs")]
transform = Transform3D(1, 0, 0, 0, 1, 0, 0, 0, 1, 46.2297, 49.4211, 6.77985)
metadata/_edit_lock_ = true

[node name="the_cube" type="Node3D" parent="." instance=ExtResource("3_4t52d")]
transform = Transform3D(-0.558633, -2.31462e-08, 0.829415, 4.47035e-08, 1, 5.80156e-08, -0.829415, 6.94872e-08, -0.558633, 29.5671, 49.4918, 15.5924)

[node name="the_cube2" type="Node3D" parent="." instance=ExtResource("3_4t52d")]
transform = Transform3D(-0.558633, -2.31462e-08, 0.829415, 4.47035e-08, 1, 5.80156e-08, -0.829415, 6.94872e-08, -0.558633, 29.5661, 49.4918, 15.6631)

[node name="the_cube3" type="Node3D" parent="." instance=ExtResource("3_4t52d")]
transform = Transform3D(-0.558633, -2.31462e-08, 0.829415, 4.47035e-08, 1, 5.80156e-08, -0.829415, 6.94872e-08, -0.558633, 29.6548, 49.4918, 15.6349)

[node name="the_cube4" type="Node3D" parent="." instance=ExtResource("3_4t52d")]
transform = Transform3D(-0.558633, -2.31462e-08, 0.829415, 4.47035e-08, 1, 5.80156e-08, -0.829415, 6.94872e-08, -0.558633, 29.7432, 49.4918, 15.6067)

[node name="the_cube5" type="Node3D" parent="." instance=ExtResource("3_4t52d")]
transform = Transform3D(-0.558633, -2.31462e-08, 0.829415, 4.47035e-08, 1, 5.80156e-08, -0.829415, 6.94872e-08, -0.558633, 30.007, 49.4918, 15.5228)

[node name="the_cube6" type="Node3D" parent="." instance=ExtResource("3_4t52d")]
transform = Transform3D(-0.558633, -2.31462e-08, 0.829415, 4.47035e-08, 1, 5.80156e-08, -0.829415, 6.94872e-08, -0.558633, 30.0944, 49.4918, 15.4949)

[node name="the_cube7" type="Node3D" parent="." instance=ExtResource("3_4t52d")]
transform = Transform3D(-0.558633, -2.31462e-08, 0.829415, 4.47035e-08, 1, 5.80156e-08, -0.829415, 6.94872e-08, -0.558633, 30.1816, 49.4918, 15.4672)

[node name="the_cube8" type="Node3D" parent="." instance=ExtResource("3_4t52d")]
transform = Transform3D(-0.558633, -2.31462e-08, 0.829415, 4.47035e-08, 1, 5.80156e-08, -0.829415, 6.94872e-08, -0.558633, 30.2686, 49.4918, 15.4395)

[node name="the_cube9" type="Node3D" parent="." instance=ExtResource("3_4t52d")]
transform = Transform3D(-0.558633, -2.31462e-08, 0.829415, 4.47035e-08, 1, 5.80156e-08, -0.829415, 6.94872e-08, -0.558633, 30.3553, 49.4918, 15.4119)

[node name="the_cube10" type="Node3D" parent="." instance=ExtResource("3_4t52d")]
transform = Transform3D(-0.558633, -2.31462e-08, 0.829415, 4.47035e-08, 1, 5.80156e-08, -0.829415, 6.94872e-08, -0.558633, 30.4418, 49.4918, 15.3843)

[node name="the_cube11" type="Node3D" parent="." instance=ExtResource("3_4t52d")]
transform = Transform3D(-0.558633, -2.31462e-08, 0.829415, 4.47035e-08, 1, 5.80156e-08, -0.829415, 6.94872e-08, -0.558633, 30.5281, 49.4918, 15.3569)

[node name="the_cube12" type="Node3D" parent="." instance=ExtResource("3_4t52d")]
transform = Transform3D(-0.558633, -2.31462e-08, 0.829415, 4.47035e-08, 1, 5.80156e-08, -0.829415, 6.94872e-08, -0.558633, 30.6999, 49.4918, 15.3022)

[node name="the_cube13" type="Node3D" parent="." instance=ExtResource("3_4t52d")]
transform = Transform3D(-0.558633, -2.31462e-08, 0.829415, 4.47035e-08, 1, 5.80156e-08, -0.829415, 6.94872e-08, -0.558633, 30.8708, 49.4918, 15.2478)

[node name="the_cube14" type="Node3D" parent="." instance=ExtResource("3_4t52d")]
transform = Transform3D(-0.558633, -2.31462e-08, 0.829415, 4.47035e-08, 1, 5.80156e-08, -0.829415, 6.94872e-08, -0.558633, 30.9559, 49.4918, 15.2207)

[node name="the_cube15" type="Node3D" parent="." instance=ExtResource("3_4t52d")]
transform = Transform3D(-0.558633, -2.31462e-08, 0.829415, 4.47035e-08, 1, 5.80156e-08, -0.829415, 6.94872e-08, -0.558633, 31.0408, 49.4918, 15.1937)

[node name="the_cube16" type="Node3D" parent="." instance=ExtResource("3_4t52d")]
transform = Transform3D(-0.558633, -2.31462e-08, 0.829415, 4.47035e-08, 1, 5.80156e-08, -0.829415, 6.94872e-08, -0.558633, 31.1254, 49.4918, 15.1667)

[node name="the_cube17" type="Node3D" parent="." instance=ExtResource("3_4t52d")]
transform = Transform3D(-0.558633, -2.31462e-08, 0.829415, 4.47035e-08, 1, 5.80156e-08, -0.829415, 6.94872e-08, -0.558633, 31.378, 49.4918, 15.0863)

[node name="the_cube18" type="Node3D" parent="." instance=ExtResource("3_4t52d")]
transform = Transform3D(-0.558633, -2.31462e-08, 0.829415, 4.47035e-08, 1, 5.80156e-08, -0.829415, 6.94872e-08, -0.558633, 31.4617, 49.4918, 15.0597)

[node name="the_cube19" type="Node3D" parent="." instance=ExtResource("3_4t52d")]
transform = Transform3D(-0.558633, -2.31462e-08, 0.829415, 4.47035e-08, 1, 5.80156e-08, -0.829415, 6.94872e-08, -0.558633, 31.5452, 49.4918, 15.0331)

[node name="the_cube20" type="Node3D" parent="." instance=ExtResource("3_4t52d")]
transform = Transform3D(-0.558633, -2.31462e-08, 0.829415, 4.47035e-08, 1, 5.80156e-08, -0.829415, 6.94872e-08, -0.558633, 31.7116, 49.4918, 14.9801)

[node name="the_cube21" type="Node3D" parent="." instance=ExtResource("3_4t52d")]
transform = Transform3D(-0.558633, -2.31462e-08, 0.829415, 4.47035e-08, 1, 5.80156e-08, -0.829415, 6.94872e-08, -0.558633, 31.8771, 49.4918, 14.9274)

[node name="the_cube22" type="Node3D" parent="." instance=ExtResource("3_4t52d")]
transform = Transform3D(-0.558633, -2.31462e-08, 0.829415, 4.47035e-08, 1, 5.80156e-08, -0.829415, 6.94872e-08, -0.558633, 32.0408, 49.4918, 14.943)

[node name="the_cube23" type="Node3D" parent="." instance=ExtResource("3_4t52d")]
transform = Transform3D(-0.558633, -2.31462e-08, 0.829415, 4.47035e-08, 1, 5.80156e-08, -0.829415, 6.94872e-08, -0.558633, 32.1227, 49.4918, 14.9168)

[node name="the_cube24" type="Node3D" parent="." instance=ExtResource("3_4t52d")]
transform = Transform3D(-0.558633, -2.31462e-08, 0.829415, 4.47035e-08, 1, 5.80156e-08, -0.829415, 6.94872e-08, -0.558633, 32.286, 49.4918, 14.8646)

[node name="the_cube25" type="Node3D" parent="." instance=ExtResource("3_4t52d")]
transform = Transform3D(-0.558633, -2.31462e-08, 0.829415, 4.47035e-08, 1, 5.80156e-08, -0.829415, 6.94872e-08, -0.558633, 32.3674, 49.4918, 14.8387)

[node name="the_cube26" type="Node3D" parent="." instance=ExtResource("3_4t52d")]
transform = Transform3D(-0.558633, -2.31462e-08, 0.829415, 4.47035e-08, 1, 5.80156e-08, -0.829415, 6.94872e-08, -0.558633, 32.4485, 49.4918, 14.8127)

[node name="the_cube27" type="Node3D" parent="." instance=ExtResource("3_4t52d")]
transform = Transform3D(-0.558633, -2.31462e-08, 0.829415, 4.47035e-08, 1, 5.80156e-08, -0.829415, 6.94872e-08, -0.558633, 32.6101, 49.4918, 14.7611)

[node name="the_cube28" type="Node3D" parent="." instance=ExtResource("3_4t52d")]
transform = Transform3D(-0.558633, -2.31462e-08, 0.829415, 4.47035e-08, 1, 5.80156e-08, -0.829415, 6.94872e-08, -0.558633, 32.8509, 49.4918, 14.6842)

[node name="the_cube29" type="Node3D" parent="." instance=ExtResource("3_4t52d")]
transform = Transform3D(-0.558633, -2.31462e-08, 0.829415, 4.47035e-08, 1, 5.80156e-08, -0.829415, 6.94872e-08, -0.558633, 32.9307, 49.4918, 14.6587)

[node name="the_cube30" type="Node3D" parent="." instance=ExtResource("3_4t52d")]
transform = Transform3D(-0.558633, -2.31462e-08, 0.829415, 4.47035e-08, 1, 5.80156e-08, -0.829415, 6.94872e-08, -0.558633, 33.0095, 49.4918, 14.7001)

[node name="the_cube31" type="Node3D" parent="." instance=ExtResource("3_4t52d")]
transform = Transform3D(-0.558633, -2.31462e-08, 0.829415, 4.47035e-08, 1, 5.80156e-08, -0.829415, 6.94872e-08, -0.558633, 33.1681, 49.4918, 14.6493)

[node name="the_cube32" type="Node3D" parent="." instance=ExtResource("3_4t52d")]
transform = Transform3D(-0.558633, -2.31462e-08, 0.829415, 4.47035e-08, 1, 5.80156e-08, -0.829415, 6.94872e-08, -0.558633, 33.483, 49.4918, 14.5484)

[node name="the_cube33" type="Node3D" parent="." instance=ExtResource("3_4t52d")]
transform = Transform3D(-0.558633, -2.31462e-08, 0.829415, 4.47035e-08, 1, 5.80156e-08, -0.829415, 6.94872e-08, -0.558633, 33.5612, 49.4918, 14.5233)

[node name="the_cube34" type="Node3D" parent="." instance=ExtResource("3_4t52d")]
transform = Transform3D(-0.558633, -2.31462e-08, 0.829415, 4.47035e-08, 1, 5.80156e-08, -0.829415, 6.94872e-08, -0.558633, 33.717, 49.4918, 14.4734)

[node name="the_cube35" type="Node3D" parent="." instance=ExtResource("3_4t52d")]
transform = Transform3D(-0.558633, -2.31462e-08, 0.829415, 4.47035e-08, 1, 5.80156e-08, -0.829415, 6.94872e-08, -0.558633, 33.7946, 49.4918, 14.4485)

[node name="the_cube36" type="Node3D" parent="." instance=ExtResource("3_4t52d")]
transform = Transform3D(-0.558633, -2.31462e-08, 0.829415, 4.47035e-08, 1, 5.80156e-08, -0.829415, 6.94872e-08, -0.558633, 33.872, 49.4918, 14.4237)

[node name="the_cube37" type="Node3D" parent="." instance=ExtResource("3_4t52d")]
transform = Transform3D(-0.558633, -2.31462e-08, 0.829415, 4.47035e-08, 1, 5.80156e-08, -0.829415, 6.94872e-08, -0.558633, 34.103, 49.4918, 14.3497)

[node name="the_cube38" type="Node3D" parent="." instance=ExtResource("3_4t52d")]
transform = Transform3D(-0.558633, -2.31462e-08, 0.829415, 4.47035e-08, 1, 5.80156e-08, -0.829415, 6.94872e-08, -0.558633, 34.256, 49.4918, 14.3006)

[node name="the_cube39" type="Node3D" parent="." instance=ExtResource("3_4t52d")]
transform = Transform3D(-0.558633, -2.31462e-08, 0.829415, 4.47035e-08, 1, 5.80156e-08, -0.829415, 6.94872e-08, -0.558633, 34.4082, 49.4918, 14.2518)

[node name="the_cube40" type="Node3D" parent="." instance=ExtResource("3_4t52d")]
transform = Transform3D(-0.558633, -2.31462e-08, 0.829415, 4.47035e-08, 1, 5.80156e-08, -0.829415, 6.94872e-08, -0.558633, 34.7104, 49.4918, 14.155)

[node name="the_cube41" type="Node3D" parent="." instance=ExtResource("3_4t52d")]
transform = Transform3D(-0.558633, -2.31462e-08, 0.829415, 4.47035e-08, 1, 5.80156e-08, -0.829415, 6.94872e-08, -0.558633, 34.8595, 49.4918, 14.1718)

[node name="the_cube42" type="Node3D" parent="." instance=ExtResource("3_4t52d")]
transform = Transform3D(-0.558633, -2.31462e-08, 0.829415, 4.47035e-08, 1, 5.80156e-08, -0.829415, 6.94872e-08, -0.558633, 35.0086, 49.4918, 14.1238)

[node name="the_cube43" type="Node3D" parent="." instance=ExtResource("3_4t52d")]
transform = Transform3D(-0.558633, -2.31462e-08, 0.829415, 4.47035e-08, 1, 5.80156e-08, -0.829415, 6.94872e-08, -0.558633, 35.231, 49.4918, 14.0523)

[node name="the_cube44" type="Node3D" parent="." instance=ExtResource("3_4t52d")]
transform = Transform3D(-0.558633, -2.31462e-08, 0.829415, 4.47035e-08, 1, 5.80156e-08, -0.829415, 6.94872e-08, -0.558633, 35.3775, 49.4918, 14.0692)

[node name="the_cube45" type="Node3D" parent="." instance=ExtResource("3_4t52d")]
transform = Transform3D(-0.558633, -2.31462e-08, 0.829415, 4.47035e-08, 1, 5.80156e-08, -0.829415, 6.94872e-08, -0.558633, 35.4509, 49.4918, 14.0455)

[node name="the_cube46" type="Node3D" parent="." instance=ExtResource("3_4t52d")]
transform = Transform3D(-0.558633, -2.31462e-08, 0.829415, 4.47035e-08, 1, 5.80156e-08, -0.829415, 6.94872e-08, -0.558633, 35.5971, 49.4918, 13.9983)

[node name="the_cube47" type="Node3D" parent="." instance=ExtResource("3_4t52d")]
transform = Transform3D(-0.558633, -2.31462e-08, 0.829415, 4.47035e-08, 1, 5.80156e-08, -0.829415, 6.94872e-08, -0.558633, 35.8865, 49.4918, 13.9684)

[node name="the_cube48" type="Node3D" parent="." instance=ExtResource("3_4t52d")]
transform = Transform3D(-0.558633, -2.31462e-08, 0.829415, 4.47035e-08, 1, 5.80156e-08, -0.829415, 6.94872e-08, -0.558633, 36.0305, 49.4918, 13.9217)

[node name="the_cube49" type="Node3D" parent="." instance=ExtResource("3_4t52d")]
transform = Transform3D(-0.558633, -2.31462e-08, 0.829415, 4.47035e-08, 1, 5.80156e-08, -0.829415, 6.94872e-08, -0.558633, 36.2444, 49.4918, 13.9155)

[node name="the_cube50" type="Node3D" parent="." instance=ExtResource("3_4t52d")]
transform = Transform3D(-0.558633, -2.31462e-08, 0.829415, 4.47035e-08, 1, 5.80156e-08, -0.829415, 6.94872e-08, -0.558633, 36.3867, 49.4918, 13.8693)

[node name="the_cube51" type="Node3D" parent="." instance=ExtResource("3_4t52d")]
transform = Transform3D(-0.558633, -2.31462e-08, 0.829415, 4.47035e-08, 1, 5.80156e-08, -0.829415, 6.94872e-08, -0.558633, 36.4576, 49.4918, 13.8463)

[node name="the_cube52" type="Node3D" parent="." instance=ExtResource("3_4t52d")]
transform = Transform3D(-0.558633, -2.31462e-08, 0.829415, 4.47035e-08, 1, 5.80156e-08, -0.829415, 6.94872e-08, -0.558633, 36.5283, 49.4918, 13.8233)

[node name="the_cube53" type="Node3D" parent="." instance=ExtResource("3_4t52d")]
transform = Transform3D(-0.558633, -2.31462e-08, 0.829415, 4.47035e-08, 1, 5.80156e-08, -0.829415, 6.94872e-08, -0.558633, 36.6691, 49.4918, 13.7775)

[node name="the_cube54" type="Node3D" parent="." instance=ExtResource("3_4t52d")]
transform = Transform3D(-0.558633, -2.31462e-08, 0.829415, 4.47035e-08, 1, 5.80156e-08, -0.829415, 6.94872e-08, -0.558633, 36.67, 49.4918, 13.7147)

[node name="the_cube55" type="Node3D" parent="." instance=ExtResource("3_4t52d")]
transform = Transform3D(-0.558633, -2.31462e-08, 0.829415, 4.47035e-08, 1, 5.80156e-08, -0.829415, 6.94872e-08, -0.558633, 36.6708, 49.4918, 13.6518)

[node name="the_cube56" type="Node3D" parent="." instance=ExtResource("3_4t52d")]
transform = Transform3D(-0.558633, -2.31462e-08, 0.829415, 4.47035e-08, 1, 5.80156e-08, -0.829415, 6.94872e-08, -0.558633, 36.7418, 49.4918, 13.5664)

[node name="the_cube57" type="Node3D" parent="." instance=ExtResource("3_4t52d")]
transform = Transform3D(-0.558633, -2.31462e-08, 0.829415, 4.47035e-08, 1, 5.80156e-08, -0.829415, 6.94872e-08, -0.558633, 36.7434, 49.4918, 13.4408)

[node name="the_cube58" type="Node3D" parent="." instance=ExtResource("3_4t52d")]
transform = Transform3D(-0.558633, -2.31462e-08, 0.829415, 4.47035e-08, 1, 5.80156e-08, -0.829415, 6.94872e-08, -0.558633, 36.7451, 49.4918, 13.3152)

[node name="the_cube59" type="Node3D" parent="." instance=ExtResource("3_4t52d")]
transform = Transform3D(-0.558633, -2.31462e-08, 0.829415, 4.47035e-08, 1, 5.80156e-08, -0.829415, 6.94872e-08, -0.558633, 36.7459, 49.4918, 13.2524)

[node name="the_cube60" type="Node3D" parent="." instance=ExtResource("3_4t52d")]
transform = Transform3D(-0.558633, -2.31462e-08, 0.829415, 4.47035e-08, 1, 5.80156e-08, -0.829415, 6.94872e-08, -0.558633, 36.7467, 49.4918, 13.1896)

[node name="the_cube61" type="Node3D" parent="." instance=ExtResource("3_4t52d")]
transform = Transform3D(-0.558633, -2.31462e-08, 0.829415, 4.47035e-08, 1, 5.80156e-08, -0.829415, 6.94872e-08, -0.558633, 36.8175, 49.4918, 13.1049)

[node name="the_cube62" type="Node3D" parent="." instance=ExtResource("3_4t52d")]
transform = Transform3D(-0.558633, -2.31462e-08, 0.829415, 4.47035e-08, 1, 5.80156e-08, -0.829415, 6.94872e-08, -0.558633, 36.8183, 49.4918, 13.0422)

[node name="the_cube63" type="Node3D" parent="." instance=ExtResource("3_4t52d")]
transform = Transform3D(-0.558633, -2.31462e-08, 0.829415, 4.47035e-08, 1, 5.80156e-08, -0.829415, 6.94872e-08, -0.558633, 36.8915, 49.4918, 12.7698)

[node name="the_cube64" type="Node3D" parent="." instance=ExtResource("3_4t52d")]
transform = Transform3D(-0.558633, -2.31462e-08, 0.829415, 4.47035e-08, 1, 5.80156e-08, -0.829415, 6.94872e-08, -0.558633, 36.8931, 49.4918, 12.6445)

[node name="the_cube65" type="Node3D" parent="." instance=ExtResource("3_4t52d")]
transform = Transform3D(-0.558633, -2.31462e-08, 0.829415, 4.47035e-08, 1, 5.80156e-08, -0.829415, 6.94872e-08, -0.558633, 36.8947, 49.4918, 12.5192)

[node name="the_cube66" type="Node3D" parent="." instance=ExtResource("3_4t52d")]
transform = Transform3D(-0.558633, -2.31462e-08, 0.829415, 4.47035e-08, 1, 5.80156e-08, -0.829415, 6.94872e-08, -0.558633, 36.8956, 49.4918, 12.4566)

[node name="the_cube67" type="Node3D" parent="." instance=ExtResource("3_4t52d")]
transform = Transform3D(-0.558633, -2.31462e-08, 0.829415, 4.47035e-08, 1, 5.80156e-08, -0.829415, 6.94872e-08, -0.558633, 37.0388, 49.4918, 12.102)

[node name="the_cube68" type="Node3D" parent="." instance=ExtResource("3_4t52d")]
transform = Transform3D(-0.558633, -2.31462e-08, 0.829415, 4.47035e-08, 1, 5.80156e-08, -0.829415, 6.94872e-08, -0.558633, 37.042, 49.4918, 11.8521)

[node name="the_cube69" type="Node3D" parent="." instance=ExtResource("3_4t52d")]
transform = Transform3D(-0.558633, -2.31462e-08, 0.829415, 4.47035e-08, 1, 5.80156e-08, -0.829415, 6.94872e-08, -0.558633, 37.1162, 49.4918, 11.4574)

[node name="the_cube70" type="Node3D" parent="." instance=ExtResource("3_4t52d")]
transform = Transform3D(-0.558633, -2.31462e-08, 0.829415, 4.47035e-08, 1, 5.80156e-08, -0.829415, 6.94872e-08, -0.558633, 37.1195, 49.4918, 11.2077)

[node name="the_cube71" type="Node3D" parent="." instance=ExtResource("3_4t52d")]
transform = Transform3D(-0.558633, -2.31462e-08, 0.829415, 4.47035e-08, 1, 5.80156e-08, -0.829415, 6.94872e-08, -0.558633, 37.1911, 49.4918, 11.0012)

[node name="the_cube72" type="Node3D" parent="." instance=ExtResource("3_4t52d")]
transform = Transform3D(-0.558633, -2.31462e-08, 0.829415, 4.47035e-08, 1, 5.80156e-08, -0.829415, 6.94872e-08, -0.558633, 37.2617, 49.4918, 10.8575)

[node name="the_cube73" type="Node3D" parent="." instance=ExtResource("3_4t52d")]
transform = Transform3D(-0.558633, -2.31462e-08, 0.829415, 4.47035e-08, 1, 5.80156e-08, -0.829415, 6.94872e-08, -0.558633, 37.2641, 49.4918, 10.6707)

[node name="the_cube74" type="Node3D" parent="." instance=ExtResource("3_4t52d")]
transform = Transform3D(-0.558633, -2.31462e-08, 0.829415, 4.47035e-08, 1, 5.80156e-08, -0.829415, 6.94872e-08, -0.558633, 37.3337, 49.4918, 10.5898)

[node name="the_cube75" type="Node3D" parent="." instance=ExtResource("3_4t52d")]
transform = Transform3D(-0.558633, -2.31462e-08, 0.829415, 4.47035e-08, 1, 5.80156e-08, -0.829415, 6.94872e-08, -0.558633, 37.3345, 49.4918, 10.5276)

[node name="the_cube76" type="Node3D" parent="." instance=ExtResource("3_4t52d")]
transform = Transform3D(-0.558633, -2.31462e-08, 0.829415, 4.47035e-08, 1, 5.80156e-08, -0.829415, 6.94872e-08, -0.558633, 37.3361, 49.4918, 10.4032)

[node name="the_cube77" type="Node3D" parent="." instance=ExtResource("3_4t52d")]
transform = Transform3D(-0.558633, -2.31462e-08, 0.829415, 4.47035e-08, 1, 5.80156e-08, -0.829415, 6.94872e-08, -0.558633, 37.3378, 49.4918, 10.2789)

[node name="the_cube78" type="Node3D" parent="." instance=ExtResource("3_4t52d")]
transform = Transform3D(-0.558633, -2.31462e-08, 0.829415, 4.47035e-08, 1, 5.80156e-08, -0.829415, 6.94872e-08, -0.558633, 37.3386, 49.4918, 10.2167)

[node name="the_cube79" type="Node3D" parent="." instance=ExtResource("3_4t52d")]
transform = Transform3D(-0.558633, -2.31462e-08, 0.829415, 4.47035e-08, 1, 5.80156e-08, -0.829415, 6.94872e-08, -0.558633, 37.4096, 49.4918, 10.0121)

[node name="the_cube80" type="Node3D" parent="." instance=ExtResource("3_4t52d")]
transform = Transform3D(-0.558633, -2.31462e-08, 0.829415, 4.47035e-08, 1, 5.80156e-08, -0.829415, 6.94872e-08, -0.558633, 37.4104, 49.4918, 9.95004)

[node name="the_cube81" type="Node3D" parent="." instance=ExtResource("3_4t52d")]
transform = Transform3D(-0.558633, -2.31462e-08, 0.829415, 4.47035e-08, 1, 5.80156e-08, -0.829415, 6.94872e-08, -0.558633, 32.279, 49.4918, 9.1982)

[node name="the_cube82" type="Node3D" parent="." instance=ExtResource("3_4t52d")]
transform = Transform3D(-0.558633, -2.31462e-08, 0.829415, 4.47035e-08, 1, 5.80156e-08, -0.829415, 6.94872e-08, -0.558633, 32.3605, 49.4918, 9.17967)

[node name="the_cube83" type="Node3D" parent="." instance=ExtResource("3_4t52d")]
transform = Transform3D(-0.558633, -2.31462e-08, 0.829415, 4.47035e-08, 1, 5.80156e-08, -0.829415, 6.94872e-08, -0.558633, 32.5236, 49.4918, 9.07525)

[node name="the_cube84" type="Node3D" parent="." instance=ExtResource("3_4t52d")]
transform = Transform3D(-0.558633, -2.31462e-08, 0.829415, 4.47035e-08, 1, 5.80156e-08, -0.829415, 6.94872e-08, -0.558633, 32.8455, 49.4918, 9.00235)

[node name="the_cube85" type="Node3D" parent="." instance=ExtResource("3_4t52d")]
transform = Transform3D(-0.558633, -2.31462e-08, 0.829415, 4.47035e-08, 1, 5.80156e-08, -0.829415, 6.94872e-08, -0.558633, 33.2432, 49.4918, 8.91229)

[node name="the_cube86" type="Node3D" parent="." instance=ExtResource("3_4t52d")]
transform = Transform3D(-0.558633, -2.31462e-08, 0.829415, 4.47035e-08, 1, 5.80156e-08, -0.829415, 6.94872e-08, -0.558633, 33.5577, 49.4918, 8.84109)

[node name="the_cube87" type="Node3D" parent="." instance=ExtResource("3_4t52d")]
transform = Transform3D(-0.558633, -2.31462e-08, 0.829415, 4.47035e-08, 1, 5.80156e-08, -0.829415, 6.94872e-08, -0.558633, 33.8689, 49.4918, 8.77061)

[node name="the_cube88" type="Node3D" parent="." instance=ExtResource("3_4t52d")]
transform = Transform3D(-0.558633, -2.31462e-08, 0.829415, 4.47035e-08, 1, 5.80156e-08, -0.829415, 6.94872e-08, -0.558633, 34.0233, 49.4918, 8.73565)

[node name="the_cube89" type="Node3D" parent="." instance=ExtResource("3_4t52d")]
transform = Transform3D(-0.558633, -2.31462e-08, 0.829415, 4.47035e-08, 1, 5.80156e-08, -0.829415, 6.94872e-08, -0.558633, 34.1769, 49.4918, 8.70086)

[node name="the_cube90" type="Node3D" parent="." instance=ExtResource("3_4t52d")]
transform = Transform3D(-0.558633, -2.31462e-08, 0.829415, 4.47035e-08, 1, 5.80156e-08, -0.829415, 6.94872e-08, -0.558633, 34.2534, 49.4918, 8.68354)

[node name="the_cube91" type="Node3D" parent="." instance=ExtResource("3_4t52d")]
transform = Transform3D(-0.558633, -2.31462e-08, 0.829415, 4.47035e-08, 1, 5.80156e-08, -0.829415, 6.94872e-08, -0.558633, 34.3297, 49.4918, 8.66625)

[node name="the_cube92" type="Node3D" parent="." instance=ExtResource("3_4t52d")]
transform = Transform3D(-0.558633, -2.31462e-08, 0.829415, 4.47035e-08, 1, 5.80156e-08, -0.829415, 6.94872e-08, -0.558633, 34.7084, 49.4918, 8.5805)

[node name="the_cube93" type="Node3D" parent="." instance=ExtResource("3_4t52d")]
transform = Transform3D(-0.558633, -2.31462e-08, 0.829415, 4.47035e-08, 1, 5.80156e-08, -0.829415, 6.94872e-08, -0.558633, 34.8585, 49.4918, 8.54651)

[node name="the_cube94" type="Node3D" parent="." instance=ExtResource("3_4t52d")]
transform = Transform3D(-0.558633, -2.31462e-08, 0.829415, 4.47035e-08, 1, 5.80156e-08, -0.829415, 6.94872e-08, -0.558633, 35.1565, 49.4918, 8.47903)

[node name="the_cube95" type="Node3D" parent="." instance=ExtResource("3_4t52d")]
transform = Transform3D(-0.558633, -2.31462e-08, 0.829415, 4.47035e-08, 1, 5.80156e-08, -0.829415, 6.94872e-08, -0.558633, 35.2306, 49.4918, 8.46227)

[node name="the_cube96" type="Node3D" parent="." instance=ExtResource("3_4t52d")]
transform = Transform3D(-0.558633, -2.31462e-08, 0.829415, 4.47035e-08, 1, 5.80156e-08, -0.829415, 6.94872e-08, -0.558633, 35.3044, 49.4918, 8.44555)

[node name="the_cube97" type="Node3D" parent="." instance=ExtResource("3_4t52d")]
transform = Transform3D(-0.558633, -2.31462e-08, 0.829415, 4.47035e-08, 1, 5.80156e-08, -0.829415, 6.94872e-08, -0.558633, 35.5979, 49.4918, 8.37908)

[node name="the_cube98" type="Node3D" parent="." instance=ExtResource("3_4t52d")]
transform = Transform3D(-0.558633, -2.31462e-08, 0.829415, 4.47035e-08, 1, 5.80156e-08, -0.829415, 6.94872e-08, -0.558633, 35.8161, 49.4918, 8.32967)

[node name="the_cube99" type="Node3D" parent="." instance=ExtResource("3_4t52d")]
transform = Transform3D(-0.558633, -2.31462e-08, 0.829415, 4.47035e-08, 1, 5.80156e-08, -0.829415, 6.94872e-08, -0.558633, 35.9607, 49.4918, 8.29693)

[node name="the_cube100" type="Node3D" parent="." instance=ExtResource("3_4t52d")]
transform = Transform3D(-0.558633, -2.31462e-08, 0.829415, 4.47035e-08, 1, 5.80156e-08, -0.829415, 6.94872e-08, -0.558633, 36.1046, 49.4918, 8.26435)

[node name="the_cube101" type="Node3D" parent="." instance=ExtResource("3_4t52d")]
transform = Transform3D(-0.558633, -2.31462e-08, 0.829415, 4.47035e-08, 1, 5.80156e-08, -0.829415, 6.94872e-08, -0.558633, 36.3902, 49.4918, 8.19968)

[node name="the_cube102" type="Node3D" parent="." instance=ExtResource("3_4t52d")]
transform = Transform3D(-0.558633, -2.31462e-08, 0.829415, 4.47035e-08, 1, 5.80156e-08, -0.829415, 6.94872e-08, -0.558633, 36.6025, 49.4918, 8.1516)

[node name="the_cube103" type="Node3D" parent="." instance=ExtResource("3_4t52d")]
transform = Transform3D(-0.558633, -2.31462e-08, 0.829415, 4.47035e-08, 1, 5.80156e-08, -0.829415, 6.94872e-08, -0.558633, 36.7432, 49.4918, 8.11974)

[node name="the_cube104" type="Node3D" parent="." instance=ExtResource("3_4t52d")]
transform = Transform3D(-0.558633, -2.31462e-08, 0.829415, 4.47035e-08, 1, 5.80156e-08, -0.829415, 6.94872e-08, -0.558633, 36.8832, 49.4918, 8.08804)

[node name="the_cube105" type="Node3D" parent="." instance=ExtResource("3_4t52d")]
transform = Transform3D(-0.558633, -2.31462e-08, 0.829415, 4.47035e-08, 1, 5.80156e-08, -0.829415, 6.94872e-08, -0.558633, 37.0919, 49.4918, 8.04077)

[node name="the_cube106" type="Node3D" parent="." instance=ExtResource("3_4t52d")]
transform = Transform3D(-0.558633, -2.31462e-08, 0.829415, 4.47035e-08, 1, 5.80156e-08, -0.829415, 6.94872e-08, -0.558633, 37.3679, 49.4918, 7.97828)

[node name="the_cube107" type="Node3D" parent="." instance=ExtResource("3_4t52d")]
transform = Transform3D(-0.558633, -2.31462e-08, 0.829415, 4.47035e-08, 1, 5.80156e-08, -0.829415, 6.94872e-08, -0.558633, 37.5731, 49.4918, 7.93182)

[node name="the_cube108" type="Node3D" parent="." instance=ExtResource("3_4t52d")]
transform = Transform3D(-0.558633, -2.31462e-08, 0.829415, 4.47035e-08, 1, 5.80156e-08, -0.829415, 6.94872e-08, -0.558633, 29.4632, 49.4918, 9.9802)

[node name="the_cube109" type="Node3D" parent="." instance=ExtResource("3_4t52d")]
transform = Transform3D(-0.558633, -2.31462e-08, 0.829415, 4.47035e-08, 1, 5.80156e-08, -0.829415, 6.94872e-08, -0.558633, 29.5523, 49.4918, 9.95974)

[node name="the_cube110" type="Node3D" parent="." instance=ExtResource("3_4t52d")]
transform = Transform3D(-0.558633, -2.31462e-08, 0.829415, 4.47035e-08, 1, 5.80156e-08, -0.829415, 6.94872e-08, -0.558633, 29.9938, 49.4918, 9.85831)

[node name="the_cube111" type="Node3D" parent="." instance=ExtResource("3_4t52d")]
transform = Transform3D(-0.558633, -2.31462e-08, 0.829415, 4.47035e-08, 1, 5.80156e-08, -0.829415, 6.94872e-08, -0.558633, 30.1687, 49.4918, 9.81812)

[node name="the_cube112" type="Node3D" parent="." instance=ExtResource("3_4t52d")]
transform = Transform3D(-0.558633, -2.31462e-08, 0.829415, 4.47035e-08, 1, 5.80156e-08, -0.829415, 6.94872e-08, -0.558633, 30.2558, 49.4918, 9.79811)

[node name="the_cube113" type="Node3D" parent="." instance=ExtResource("3_4t52d")]
transform = Transform3D(-0.558633, -2.31462e-08, 0.829415, 4.47035e-08, 1, 5.80156e-08, -0.829415, 6.94872e-08, -0.558633, 30.3427, 49.4918, 9.77815)

[node name="the_cube114" type="Node3D" parent="." instance=ExtResource("3_4t52d")]
transform = Transform3D(-0.558633, -2.31462e-08, 0.829415, 4.47035e-08, 1, 5.80156e-08, -0.829415, 6.94872e-08, -0.558633, 30.5157, 49.4918, 9.7384)

[node name="the_cube115" type="Node3D" parent="." instance=ExtResource("3_4t52d")]
transform = Transform3D(-0.558633, -2.31462e-08, 0.829415, 4.47035e-08, 1, 5.80156e-08, -0.829415, 6.94872e-08, -0.558633, 30.6019, 49.4918, 9.71861)

[node name="the_cube116" type="Node3D" parent="." instance=ExtResource("3_4t52d")]
transform = Transform3D(-0.558633, -2.31462e-08, 0.829415, 4.47035e-08, 1, 5.80156e-08, -0.829415, 6.94872e-08, -0.558633, 30.2879, 49.4918, 7.34852)

[node name="the_cube117" type="Node3D" parent="." instance=ExtResource("3_4t52d")]
transform = Transform3D(-0.558633, -2.31462e-08, 0.829415, 4.47035e-08, 1, 5.80156e-08, -0.829415, 6.94872e-08, -0.558633, 30.4613, 49.4918, 7.31534)

[node name="the_cube118" type="Node3D" parent="." instance=ExtResource("3_4t52d")]
transform = Transform3D(-0.558633, -2.31462e-08, 0.829415, 4.47035e-08, 1, 5.80156e-08, -0.829415, 6.94872e-08, -0.558633, 31.0609, 49.4918, 7.20059)

[node name="the_cube119" type="Node3D" parent="." instance=ExtResource("3_4t52d")]
transform = Transform3D(-0.558633, -2.31462e-08, 0.829415, 4.47035e-08, 1, 5.80156e-08, -0.829415, 6.94872e-08, -0.558633, 31.3984, 49.4918, 7.13599)

[node name="the_cube120" type="Node3D" parent="." instance=ExtResource("3_4t52d")]
transform = Transform3D(-0.558633, -2.31462e-08, 0.829415, 4.47035e-08, 1, 5.80156e-08, -0.829415, 6.94872e-08, -0.558633, 31.898, 49.4918, 7.04038)

[node name="the_cube121" type="Node3D" parent="." instance=ExtResource("3_4t52d")]
transform = Transform3D(-0.558633, -2.31462e-08, 0.829415, 4.47035e-08, 1, 5.80156e-08, -0.829415, 6.94872e-08, -0.558633, 31.9805, 49.4918, 7.0246)

[node name="the_cube122" type="Node3D" parent="." instance=ExtResource("3_4t52d")]
transform = Transform3D(-0.558633, -2.31462e-08, 0.829415, 4.47035e-08, 1, 5.80156e-08, -0.829415, 6.94872e-08, -0.558633, 32.0628, 49.4918, 7.00885)

[node name="the_cube123" type="Node3D" parent="." instance=ExtResource("3_4t52d")]
transform = Transform3D(-0.558633, -2.31462e-08, 0.829415, 4.47035e-08, 1, 5.80156e-08, -0.829415, 6.94872e-08, -0.558633, 32.2267, 49.4918, 6.97749)

[node name="the_cube124" type="Node3D" parent="." instance=ExtResource("3_4t52d")]
transform = Transform3D(-0.558633, -2.31462e-08, 0.829415, 4.47035e-08, 1, 5.80156e-08, -0.829415, 6.94872e-08, -0.558633, 32.5501, 49.4918, 7.05025)

[node name="the_cube125" type="Node3D" parent="." instance=ExtResource("3_4t52d")]
transform = Transform3D(-0.558633, -2.31462e-08, 0.829415, 4.47035e-08, 1, 5.80156e-08, -0.829415, 6.94872e-08, -0.558633, 32.9518, 49.4918, 6.97249)

[node name="the_cube126" type="Node3D" parent="." instance=ExtResource("3_4t52d")]
transform = Transform3D(-0.558633, -2.31462e-08, 0.829415, 4.47035e-08, 1, 5.80156e-08, -0.829415, 6.94872e-08, -0.558633, 33.2685, 49.4918, 6.97772)

[node name="the_cube127" type="Node3D" parent="." instance=ExtResource("3_4t52d")]
transform = Transform3D(-0.558633, -2.31462e-08, 0.829415, 4.47035e-08, 1, 5.80156e-08, -0.829415, 6.94872e-08, -0.558633, 33.4261, 49.4918, 6.94705)

[node name="the_cube128" type="Node3D" parent="." instance=ExtResource("3_4t52d")]
transform = Transform3D(-0.558633, -2.31462e-08, 0.829415, 4.47035e-08, 1, 5.80156e-08, -0.829415, 6.94872e-08, -0.558633, 33.8156, 49.4918, 6.93717)

[node name="the_cube129" type="Node3D" parent="." instance=ExtResource("3_4t52d")]
transform = Transform3D(-0.558633, -2.31462e-08, 0.829415, 4.47035e-08, 1, 5.80156e-08, -0.829415, 6.94872e-08, -0.558633, 34.0466, 49.4918, 6.95764)

[node name="the_cube130" type="Node3D" parent="." instance=ExtResource("3_4t52d")]
transform = Transform3D(-0.558633, -2.31462e-08, 0.829415, 4.47035e-08, 1, 5.80156e-08, -0.829415, 6.94872e-08, -0.558633, 34.429, 49.4918, 6.88235)

[node name="the_cube131" type="Node3D" parent="." instance=ExtResource("3_4t52d")]
transform = Transform3D(-0.558633, -2.31462e-08, 0.829415, 4.47035e-08, 1, 5.80156e-08, -0.829415, 6.94872e-08, -0.558633, 34.7306, 49.4918, 6.88791)

[node name="the_cube132" type="Node3D" parent="." instance=ExtResource("3_4t52d")]
transform = Transform3D(-0.558633, -2.31462e-08, 0.829415, 4.47035e-08, 1, 5.80156e-08, -0.829415, 6.94872e-08, -0.558633, 34.9554, 49.4918, 6.84341)

[node name="the_cube133" type="Node3D" parent="." instance=ExtResource("3_4t52d")]
transform = Transform3D(-0.558633, -2.31462e-08, 0.829415, 4.47035e-08, 1, 5.80156e-08, -0.829415, 6.94872e-08, -0.558633, 35.1785, 49.4918, 6.79924)

[node name="the_cube134" type="Node3D" parent="." instance=ExtResource("3_4t52d")]
transform = Transform3D(-0.558633, -2.31462e-08, 0.829415, 4.47035e-08, 1, 5.80156e-08, -0.829415, 6.94872e-08, -0.558633, 35.6181, 49.4918, 6.84014)

[node name="the_cube135" type="Node3D" parent="." instance=ExtResource("3_4t52d")]
transform = Transform3D(-0.558633, -2.31462e-08, 0.829415, 4.47035e-08, 1, 5.80156e-08, -0.829415, 6.94872e-08, -0.558633, 35.7637, 49.4918, 6.811)

[node name="the_cube136" type="Node3D" parent="." instance=ExtResource("3_4t52d")]
transform = Transform3D(-0.558633, -2.31462e-08, 0.829415, 4.47035e-08, 1, 5.80156e-08, -0.829415, 6.94872e-08, -0.558633, 36.3381, 49.4918, 6.7592)

[node name="the_cube137" type="Node3D" parent="." instance=ExtResource("3_4t52d")]
transform = Transform3D(-0.558633, -2.31462e-08, 0.829415, 4.47035e-08, 1, 5.80156e-08, -0.829415, 6.94872e-08, -0.558633, 36.7621, 49.4918, 6.67386)

[node name="the_cube138" type="Node3D" parent="." instance=ExtResource("3_4t52d")]
transform = Transform3D(-0.558633, -2.31462e-08, 0.829415, 4.47035e-08, 1, 5.80156e-08, -0.829415, 6.94872e-08, -0.558633, 36.9021, 49.4918, 6.6457)

[node name="the_cube139" type="Node3D" parent="." instance=ExtResource("3_4t52d")]
transform = Transform3D(-0.558633, -2.31462e-08, 0.829415, 4.47035e-08, 1, 5.80156e-08, -0.829415, 6.94872e-08, -0.558633, 36.9718, 49.4918, 6.63167)

[node name="the_cube140" type="Node3D" parent="." instance=ExtResource("3_4t52d")]
transform = Transform3D(-0.558633, -2.31462e-08, 0.829415, 4.47035e-08, 1, 5.80156e-08, -0.829415, 6.94872e-08, -0.558633, 37.18, 49.4918, 6.58978)

[node name="the_cube141" type="Node3D" parent="." instance=ExtResource("3_4t52d")]
transform = Transform3D(-0.558633, -2.31462e-08, 0.829415, 4.47035e-08, 1, 5.80156e-08, -0.829415, 6.94872e-08, -0.558633, 37.5909, 49.4918, 6.56886)

[node name="the_cube142" type="Node3D" parent="." instance=ExtResource("3_4t52d")]
transform = Transform3D(-0.558633, -2.31462e-08, 0.829415, 4.47035e-08, 1, 5.80156e-08, -0.829415, 6.94872e-08, -0.558633, 37.9296, 49.4918, 6.50035)

[node name="the_cube143" type="Node3D" parent="." instance=ExtResource("3_4t52d")]
transform = Transform3D(-0.558633, -2.31462e-08, 0.829415, 4.47035e-08, 1, 5.80156e-08, -0.829415, 6.94872e-08, -0.558633, 37.996, 49.4918, 6.54825)

[node name="the_cube144" type="Node3D" parent="." instance=ExtResource("3_4t52d")]
transform = Transform3D(-0.558633, -2.31462e-08, 0.829415, 4.47035e-08, 1, 5.80156e-08, -0.829415, 6.94872e-08, -0.558633, 38.13, 49.4918, 6.52099)

[node name="the_cube145" type="Node3D" parent="." instance=ExtResource("3_4t52d")]
transform = Transform3D(-0.558633, -2.31462e-08, 0.829415, 4.47035e-08, 1, 5.80156e-08, -0.829415, 6.94872e-08, -0.558633, 37.8614, 49.4918, 6.57564)

[node name="the_cube146" type="Node3D" parent="." instance=ExtResource("3_4t52d")]
transform = Transform3D(-0.558633, -2.31462e-08, 0.829415, 4.47035e-08, 1, 5.80156e-08, -0.829415, 6.94872e-08, -0.558633, 37.2474, 49.4918, 6.70054)

[node name="the_cube147" type="Node3D" parent="." instance=ExtResource("3_4t52d")]
transform = Transform3D(-0.558633, -2.31462e-08, 0.829415, 4.47035e-08, 1, 5.80156e-08, -0.829415, 6.94872e-08, -0.558633, 36.8322, 49.4918, 6.65976)

[node name="the_cube148" type="Node3D" parent="." instance=ExtResource("3_4t52d")]
transform = Transform3D(-0.558633, -2.31462e-08, 0.829415, 4.47035e-08, 1, 5.80156e-08, -0.829415, 6.94872e-08, -0.558633, 32.1751, 49.4918, 4.68294)

[node name="the_cube149" type="Node3D" parent="." instance=ExtResource("3_4t52d")]
transform = Transform3D(-0.558633, -2.31462e-08, 0.829415, 4.47035e-08, 1, 5.80156e-08, -0.829415, 6.94872e-08, -0.558633, 32.1742, 49.4918, 4.75089)

[node name="the_cube150" type="Node3D" parent="." instance=ExtResource("3_4t52d")]
transform = Transform3D(-0.558633, -2.31462e-08, 0.829415, 4.47035e-08, 1, 5.80156e-08, -0.829415, 6.94872e-08, -0.558633, 32.1724, 49.4918, 4.88678)

[node name="the_cube151" type="Node3D" parent="." instance=ExtResource("3_4t52d")]
transform = Transform3D(-0.558633, -2.31462e-08, 0.829415, 4.47035e-08, 1, 5.80156e-08, -0.829415, 6.94872e-08, -0.558633, 32.1706, 49.4918, 5.02268)

[node name="the_cube152" type="Node3D" parent="." instance=ExtResource("3_4t52d")]
transform = Transform3D(-0.558633, -2.31462e-08, 0.829415, 4.47035e-08, 1, 5.80156e-08, -0.829415, 6.94872e-08, -0.558633, 32.8904, 49.4918, 5.57789)

[node name="the_cube153" type="Node3D" parent="." instance=ExtResource("3_4t52d")]
transform = Transform3D(-0.558633, -2.31462e-08, 0.829415, 4.47035e-08, 1, 5.80156e-08, -0.829415, 6.94872e-08, -0.558633, 33.3614, 49.4918, 5.8964)

[node name="the_cube154" type="Node3D" parent="." instance=ExtResource("3_4t52d")]
transform = Transform3D(-0.558633, -2.31462e-08, 0.829415, 4.47035e-08, 1, 5.80156e-08, -0.829415, 6.94872e-08, -0.558633, 33.9026, 49.4918, 6.19576)

[node name="the_cube155" type="Node3D" parent="." instance=ExtResource("3_4t52d")]
transform = Transform3D(-0.558633, -2.31462e-08, 0.829415, 4.47035e-08, 1, 5.80156e-08, -0.829415, 6.94872e-08, -0.558633, 34.1303, 49.4918, 6.41636)

[node name="the_cube156" type="Node3D" parent="." instance=ExtResource("3_4t52d")]
transform = Transform3D(-0.558633, -2.31462e-08, 0.829415, 4.47035e-08, 1, 5.80156e-08, -0.829415, 6.94872e-08, -0.558633, 34.2826, 49.4918, 6.45315)

[node name="the_cube157" type="Node3D" parent="." instance=ExtResource("3_4t52d")]
transform = Transform3D(-0.558633, -2.31462e-08, 0.829415, 4.47035e-08, 1, 5.80156e-08, -0.829415, 6.94872e-08, -0.558633, 34.358, 49.4918, 6.50424)

[node name="the_cube158" type="Node3D" parent="." instance=ExtResource("3_4t52d")]
transform = Transform3D(-0.558633, -2.31462e-08, 0.829415, 4.47035e-08, 1, 5.80156e-08, -0.829415, 6.94872e-08, -0.558633, 34.3572, 49.4918, 6.56975)

[node name="the_cube159" type="Node3D" parent="." instance=ExtResource("3_4t52d")]
transform = Transform3D(-0.558633, -2.31462e-08, 0.829415, 4.47035e-08, 1, 5.80156e-08, -0.829415, 6.94872e-08, -0.558633, 34.7314, 49.4918, 6.82282)

[node name="the_cube160" type="Node3D" parent="." instance=ExtResource("3_4t52d")]
transform = Transform3D(-0.558633, -2.31462e-08, 0.829415, 4.47035e-08, 1, 5.80156e-08, -0.829415, 6.94872e-08, -0.558633, 34.8057, 49.4918, 6.87304)

[node name="the_cube161" type="Node3D" parent="." instance=ExtResource("3_4t52d")]
transform = Transform3D(-0.558633, -2.31462e-08, 0.829415, 4.47035e-08, 1, 5.80156e-08, -0.829415, 6.94872e-08, -0.558633, 34.8798, 49.4918, 6.92314)

[node name="the_cube162" type="Node3D" parent="." instance=ExtResource("3_4t52d")]
transform = Transform3D(-0.558633, -2.31462e-08, 0.829415, 4.47035e-08, 1, 5.80156e-08, -0.829415, 6.94872e-08, -0.558633, 34.9537, 49.4918, 6.97311)

[node name="the_cube163" type="Node3D" parent="." instance=ExtResource("3_4t52d")]
transform = Transform3D(-0.558633, -2.31462e-08, 0.829415, 4.47035e-08, 1, 5.80156e-08, -0.829415, 6.94872e-08, -0.558633, 35.0283, 49.4918, 6.95819)

[node name="the_cube164" type="Node3D" parent="." instance=ExtResource("3_4t52d")]
transform = Transform3D(-0.558633, -2.31462e-08, 0.829415, 4.47035e-08, 1, 5.80156e-08, -0.829415, 6.94872e-08, -0.558633, 35.2517, 49.4918, 6.84912)

[node name="the_cube165" type="Node3D" parent="." instance=ExtResource("3_4t52d")]
transform = Transform3D(-0.558633, -2.31462e-08, 0.829415, 4.47035e-08, 1, 5.80156e-08, -0.829415, 6.94872e-08, -0.558633, 35.4025, 49.4918, 6.56231)

[node name="the_cube166" type="Node3D" parent="." instance=ExtResource("3_4t52d")]
transform = Transform3D(-0.558633, -2.31462e-08, 0.829415, 4.47035e-08, 1, 5.80156e-08, -0.829415, 6.94872e-08, -0.558633, 35.8421, 49.4918, 6.3493)

[node name="the_cube167" type="Node3D" parent="." instance=ExtResource("3_4t52d")]
transform = Transform3D(-0.558633, -2.31462e-08, 0.829415, 4.47035e-08, 1, 5.80156e-08, -0.829415, 6.94872e-08, -0.558633, 36.0611, 49.4918, 6.1167)

[node name="the_cube168" type="Node3D" parent="." instance=ExtResource("3_4t52d")]
transform = Transform3D(-0.558633, -2.31462e-08, 0.829415, 4.47035e-08, 1, 5.80156e-08, -0.829415, 6.94872e-08, -0.558633, 36.3497, 49.4918, 5.87257)

