[gd_scene load_steps=3 format=3 uid="uid://by3ebh8umg26x"]

[ext_resource type="PackedScene" uid="uid://ldrc1dffrinq" path="res://assets/blender/Terrain.blend" id="1_ccfgs"]
[ext_resource type="PackedScene" uid="uid://cpix4kgjyd3t" path="res://addons/object_placer/objects/Tree.blend" id="4_fib3x"]

[node name="Demo" type="Node3D"]
transform = Transform3D(1, 0, 0, 0, 1, 0, 0, 0, 1, 12.9722, -3.31765, 3.69165)

[node name="Terrain" parent="." instance=ExtResource("1_ccfgs")]
transform = Transform3D(1, 0, 0, 0, 1, 0, 0, 0, 1, 2.00964, 0.285894, 2.20372)
metadata/_edit_lock_ = true

[node name="Tree2" type="Node3D" parent="." instance=ExtResource("4_fib3x")]
transform = Transform3D(4.6205, -2.11562e-06, -7.1345, 3.8147e-06, 8.50001, -5.0029e-08, 7.13449, -3.17468e-06, 4.62051, -5.53192, 3.75476, 26.3506)

[node name="Tree3" type="Node3D" parent="." instance=ExtResource("4_fib3x")]
transform = Transform3D(4.6205, -2.11562e-06, -7.1345, 3.8147e-06, 8.50001, -5.0029e-08, 7.13449, -3.17468e-06, 4.62051, 21.5679, 0.356588, -1.38659)

[node name="Tree4" type="Node3D" parent="." instance=ExtResource("4_fib3x")]
transform = Transform3D(4.6205, 7.13449, 3.11859e-07, 0, -3.71547e-07, 8.50001, 7.13449, -4.62051, -2.01969e-07, 23.5323, 6.70723, -2.65229)

[node name="Tree5" type="Node3D" parent="." instance=ExtResource("4_fib3x")]
transform = Transform3D(4.6205, -1.56645e-06, -7.1345, 3.09944e-06, 8.50001, 1.41031e-07, 7.13449, -2.67819e-06, 4.62051, 14.9975, 0.356592, -4.58421)

[node name="Tree6" type="Node3D" parent="." instance=ExtResource("4_fib3x")]
transform = Transform3D(4.62051, 7.13449, 3.11859e-07, 0, -3.71547e-07, 8.50001, 7.13449, -4.62051, -2.01969e-07, 15.853, 15.8715, -7.56221)

[node name="Tree7" type="Node3D" parent="." instance=ExtResource("4_fib3x")]
transform = Transform3D(4.6205, -1.77606e-06, -7.1345, 3.57628e-06, 8.50001, 2.00117e-07, 7.13449, -3.11054e-06, 4.62051, 2.20436, 0.356596, -7.838)

[node name="Tree8" type="Node3D" parent="." instance=ExtResource("4_fib3x")]
transform = Transform3D(4.62051, 7.1345, 3.11859e-07, 0, -3.71547e-07, 8.50001, 7.13449, -4.62051, -2.01969e-07, 3.44142, 7.34308, -10.2268)

[node name="Tree9" type="Node3D" parent="." instance=ExtResource("4_fib3x")]
transform = Transform3D(4.62051, -1.42889e-06, -7.1345, 3.33786e-06, 8.50001, 4.5932e-07, 7.13449, -3.05132e-06, 4.62051, 3.03112, 9.67994, -11.2608)

[node name="Tree10" type="Node3D" parent="." instance=ExtResource("4_fib3x")]
transform = Transform3D(4.62051, 7.1345, 3.11859e-07, 0, -3.71547e-07, 8.50001, 7.13449, -4.62051, -2.01969e-07, 5.05397, 15.8037, -12.4363)

[node name="Tree11" type="Node3D" parent="." instance=ExtResource("4_fib3x")]
transform = Transform3D(4.62051, -8.72119e-07, -7.1345, 2.6226e-06, 8.50001, 6.59437e-07, 7.13449, -2.55975e-06, 4.62051, 5.59565, 18.1405, -13.0421)

[node name="Tree12" type="Node3D" parent="." instance=ExtResource("4_fib3x")]
transform = Transform3D(4.62051, 7.1345, 3.11859e-07, 0, -3.71547e-07, 8.50001, 7.13449, -4.62051, -2.01969e-07, 7.89477, 22.9435, -13.791)

[node name="Tree13" type="Node3D" parent="." instance=ExtResource("4_fib3x")]
transform = Transform3D(4.62051, -2.76978e-07, -7.1345, 2.14577e-06, 8.50001, 1.05967e-06, 7.13449, -2.37708e-06, 4.62051, 8.52775, 25.2804, -14.0637)

[node name="Tree14" type="Node3D" parent="." instance=ExtResource("4_fib3x")]
transform = Transform3D(-7.13449, 4.62051, 2.01969e-07, 0, -3.71547e-07, 8.50001, 4.62051, 7.1345, 3.11859e-07, 9.46507, 25.1484, -12.0238)

[node name="Tree15" type="Node3D" parent="." instance=ExtResource("4_fib3x")]
transform = Transform3D(-7.13449, 2.25085e-06, -4.62051, 2.38419e-06, 8.50001, 4.5932e-07, 4.62051, -9.10486e-07, -7.1345, 11.2338, 27.4853, -11.4573)

[node name="Tree16" type="Node3D" parent="." instance=ExtResource("4_fib3x")]
transform = Transform3D(-4.6205, 1.27539e-06, 7.1345, 1.92835e-06, 8.50001, -2.70633e-07, -7.1345, 1.47145e-06, -4.62051, -8.15353, 0.356596, 13.3718)

[node name="Tree17" type="Node3D" parent="." instance=ExtResource("4_fib3x")]
transform = Transform3D(-4.91981, 1.52127, 6.7625, -3.04478, 6.97556, -3.78432, -6.22695, -4.61275, -3.49253, -4.69585, 0.839716, 22.2058)

[node name="Tree18" type="Node3D" parent="." instance=ExtResource("4_fib3x")]
transform = Transform3D(1.52127, 4.91981, 6.7625, 6.97556, 3.04478, -3.78432, -4.61275, 6.22695, -3.49253, -0.721895, 6.51576, 19.4805)

[node name="Tree19" type="Node3D" parent="." instance=ExtResource("4_fib3x")]
transform = Transform3D(-4.39518, 7.1345, 1.42528, -2.62199, 5.1052e-07, -8.08551, -6.78658, -4.6205, 2.20077, -2.72248, 10.7575, 26.3897)

[node name="Tree20" type="Node3D" parent="." instance=ExtResource("4_fib3x")]
transform = Transform3D(-4.39518, -1.42528, 7.1345, -2.62199, 8.0855, -9.48226e-07, -6.78658, -2.20077, -4.62051, -1.57581, 13.2813, 25.8939)

[node name="Tree21" type="Node3D" parent="." instance=ExtResource("4_fib3x")]
transform = Transform3D(7.1345, 4.39518, 1.42528, -2.38419e-06, 2.62199, -8.08551, -4.6205, 6.78658, 2.20077, -0.848158, 15.1117, 27.6423)

[node name="Tree22" type="Node3D" parent="." instance=ExtResource("4_fib3x")]
transform = Transform3D(-4.39518, 7.1345, 1.42528, -2.62198, -1.67744e-06, -8.08551, -6.78658, -4.6205, 2.20077, -12.1462, 21.9169, -30.6463)

[node name="Tree23" type="Node3D" parent="." instance=ExtResource("4_fib3x")]
transform = Transform3D(-4.07609, 2.80773, 6.91031, 1.09413, 8.0147, -2.61108, -7.37824, -0.362616, -4.20478, 1.3406, 8.22593, 41.9954)

[node name="Tree24" type="Node3D" parent="." instance=ExtResource("4_fib3x")]
transform = Transform3D(-4.07609, 2.80773, 6.91031, 1.09413, 8.0147, -2.61108, -7.37824, -0.362616, -4.20478, 1.3406, 8.22593, 41.9954)

[node name="Tree25" type="Node3D" parent="." instance=ExtResource("4_fib3x")]
transform = Transform3D(1.81827, 4.81944, 6.76145, -0.694953, 6.9857, -4.79242, -8.27412, 0.472354, 1.88838, -25.1015, 16.8665, -51.2163)

[node name="Tree26" type="Node3D" parent="." instance=ExtResource("4_fib3x")]
transform = Transform3D(7.42381, 2.3512, 3.4072, -0.484113, 7.44105, -4.08003, -4.11129, 3.3694, 6.63285, -6.68036, 7.66297, -54.1016)

[node name="Tree27" type="Node3D" parent="." instance=ExtResource("4_fib3x")]
transform = Transform3D(7.48148, -3.25175, -2.38825, 0.0309791, 5.07773, -6.8166, 4.03443, 5.99108, 4.48114, -11.9394, 6.28555, -43.2015)

[node name="Tree28" type="Node3D" parent="." instance=ExtResource("4_fib3x")]
transform = Transform3D(7.42992, 3.1601, 2.65709, -2.13385, 7.62217, -3.09829, -3.53455, 2.0412, 7.45592, 5.82722, 1.39375, -49.6831)

[node name="Tree29" type="Node3D" parent="." instance=ExtResource("4_fib3x")]
transform = Transform3D(7.14984, 0.750683, 4.53502, -0.673906, 8.46647, -0.338986, -4.54705, -0.0744098, 7.18116, -38.2274, 26.6684, -40.8764)

[node name="Tree30" type="Node3D" parent="." instance=ExtResource("4_fib3x")]
transform = Transform3D(5.23303, 5.88783, 3.19358, -1.76042, 5.11915, -6.55328, -6.46269, 3.37311, 4.37104, -33.2271, 24.0765, -40.9062)

[node name="Tree31" type="Node3D" parent="." instance=ExtResource("4_fib3x")]
transform = Transform3D(3.19358, 5.88783, -5.23305, -6.55327, 5.11916, 1.76042, 4.37103, 3.37311, 6.46271, -29.5153, 20.3558, -41.7384)

[node name="Tree32" type="Node3D" parent="." instance=ExtResource("4_fib3x")]
transform = Transform3D(1.64532, 8.02132, -2.28071, -8.32815, 1.70037, -0.0277477, 0.430054, 2.23997, 8.18829, -24.034, 14.5778, -43.0133)

[node name="Tree33" type="Node3D" parent="." instance=ExtResource("4_fib3x")]
transform = Transform3D(1.64532, 8.02132, -2.28071, -8.32815, 1.70037, -0.0277478, 0.430054, 2.23997, 8.18829, -8.86986, 17.498, -40.0946)

[node name="Tree34" type="Node3D" parent="." instance=ExtResource("4_fib3x")]
transform = Transform3D(8.02131, -1.64532, -2.28071, 1.70037, 8.32816, -0.0277481, 2.23996, -0.430054, 8.18829, 2.39746, 22.2917, -36.5593)

[node name="Tree35" type="Node3D" parent="." instance=ExtResource("4_fib3x")]
transform = Transform3D(1.64532, 8.02132, -2.28071, -8.32815, 1.70037, -0.0277486, 0.430053, 2.23997, 8.18829, 6.48154, 19.3664, -37.048)

[node name="Tree36" type="Node3D" parent="." instance=ExtResource("4_fib3x")]
transform = Transform3D(-0.763031, 5.83574, 6.13289, -5.12734, 4.58128, -4.99725, -6.73634, -4.14804, 3.10896, -45.2995, 28.4008, 27.1081)

[node name="Tree37" type="Node3D" parent="." instance=ExtResource("4_fib3x")]
transform = Transform3D(1.84783, 7.09621, 4.29879, -5.24283, 4.41206, -5.02959, -6.43027, -1.55811, 5.33612, -44.4859, 25.4468, 24.5512)

[node name="Tree38" type="Node3D" parent="." instance=ExtResource("4_fib3x")]
transform = Transform3D(2.85182, 5.46653, 5.85103, -4.84336, 6.12363, -3.36055, -6.37646, -2.20647, 5.16939, -40.3422, 19.9463, 20.9041)

[node name="Tree39" type="Node3D" parent="." instance=ExtResource("4_fib3x")]
transform = Transform3D(0.0284357, 5.39938, 6.56477, -6.31458, 4.40795, -3.5981, -5.68995, -4.86486, 4.0259, -35.8569, 16.6996, 16.7742)

[node name="Tree40" type="Node3D" parent="." instance=ExtResource("4_fib3x")]
transform = Transform3D(-5.31887, -0.611192, 6.602, 2.35952, 7.73525, 2.61705, -6.19617, 3.47026, -4.67067, 29.7159, 19.0792, 68.3676)

[node name="Tree41" type="Node3D" parent="." instance=ExtResource("4_fib3x")]
transform = Transform3D(0.267504, -5.40511, 6.55467, -5.87933, 4.61619, 4.04656, -6.13288, -4.6611, -3.59336, 32.5602, 22.5352, 60.0682)

[node name="Tree42" type="Node3D" parent="." instance=ExtResource("4_fib3x")]
transform = Transform3D(0.391293, -5.55342, 6.42315, -4.73691, 5.19362, 4.77895, -7.0469, -3.7995, -2.85574, 32.5635, 19.4067, 55.5425)

[node name="Tree43" type="Node3D" parent="." instance=ExtResource("4_fib3x")]
transform = Transform3D(-1.73209, 2.88502, 7.80558, -0.438468, 7.93014, -3.02837, -8.31011, -1.01975, -1.46715, 35.5667, 19.1253, 46.3732)

[node name="Tree44" type="Node3D" parent="." instance=ExtResource("4_fib3x")]
transform = Transform3D(-0.92887, 1.00897, 8.38867, 2.84418, 7.98401, -0.645364, -7.95601, 2.73639, -1.21009, 37.4593, 18.1847, 41.3903)

[node name="Tree45" type="Node3D" parent="." instance=ExtResource("4_fib3x")]
transform = Transform3D(-1.21602, 1.87241, 8.20158, -1.04291, 8.18933, -2.02424, -8.34769, -1.29588, -0.941842, 38.9601, 16.9809, 36.7877)

[node name="Tree46" type="Node3D" parent="." instance=ExtResource("4_fib3x")]
transform = Transform3D(-0.96697, -1.59955, 8.29198, -3.96967, 7.45265, 0.974715, -7.45365, -3.76163, -1.59484, 41.4441, 17.0703, 29.9075)

[node name="Tree47" type="Node3D" parent="." instance=ExtResource("4_fib3x")]
transform = Transform3D(4.95476, 5.08803, 4.67041, -0.820456, 6.14085, -5.81956, -6.85766, 2.94148, 4.0707, 42.4846, 15.5542, 25.5713)

[node name="Tree48" type="Node3D" parent="." instance=ExtResource("4_fib3x")]
transform = Transform3D(5.98639, 3.73914, 4.73628, 0.732719, 6.17175, -5.79854, -5.9897, 4.49206, 4.02432, 45.0719, 17.6973, 19.3113)

[node name="Tree49" type="Node3D" parent="." instance=ExtResource("4_fib3x")]
transform = Transform3D(2.83443, 0.243314, 8.00983, 3.734, 7.47728, -1.54849, -7.09038, 4.03502, 2.38651, 37.7313, -1.4719, -54.6232)

[node name="Tree50" type="Node3D" parent="." instance=ExtResource("4_fib3x")]
transform = Transform3D(-0.243315, 2.83443, 8.00983, -7.47728, 3.734, -1.54849, -4.03501, -7.09039, 2.38651, 37.4109, 6.0361, -53.5988)

[node name="Tree51" type="Node3D" parent="." instance=ExtResource("4_fib3x")]
transform = Transform3D(2.23626, 0.741499, 8.167, 0.931103, 8.3875, -1.01647, -8.14754, 1.16204, 2.12543, 21.3723, 3.12649, -63.5022)

[node name="Tree52" type="Node3D" parent="." instance=ExtResource("4_fib3x")]
transform = Transform3D(2.23625, 8.16699, -0.741498, 0.931104, -1.01647, -8.38752, -8.14755, 2.12543, -1.16205, 25.1432, 17.3424, -61.8479)

[node name="Tree53" type="Node3D" parent="." instance=ExtResource("4_fib3x")]
transform = Transform3D(2.23625, 0.7415, 8.16701, 0.931099, 8.3875, -1.01647, -8.14755, 1.16204, 2.12543, 21.7568, 19.0181, -63.8775)

[node name="Tree54" type="Node3D" parent="." instance=ExtResource("4_fib3x")]
transform = Transform3D(2.23625, 8.16699, -0.741504, 0.931107, -1.01647, -8.38752, -8.14755, 2.12542, -1.16205, 25.1121, 30.2546, -62.0508)

[node name="Tree55" type="Node3D" parent="." instance=ExtResource("4_fib3x")]
transform = Transform3D(2.23626, 0.741504, 8.167, 0.931102, 8.3875, -1.01648, -8.14755, 1.16204, 2.12543, 23.9958, 34.3926, -61.7039)

[node name="Tree56" type="Node3D" parent="." instance=ExtResource("4_fib3x")]
transform = Transform3D(2.23625, 8.16699, -0.741504, 0.931106, -1.01648, -8.38752, -8.14755, 2.12543, -1.16205, 26.7586, 43.7008, -58.5228)

[node name="Tree57" type="Node3D" parent="." instance=ExtResource("4_fib3x")]
transform = Transform3D(8.16699, -2.23625, -0.741501, -1.01647, -0.931102, -8.38752, 2.12542, 8.14755, -1.16204, 26.1913, 49.0579, -56.9874)

[node name="Tree58" type="Node3D" parent="." instance=ExtResource("4_fib3x")]
transform = Transform3D(8.16699, 0.741504, -2.23626, -1.01648, 8.3875, -0.931103, 2.12543, 1.16204, 8.14756, 25.0202, 51.245, -54.9332)

[node name="Tree59" type="Node3D" parent="." instance=ExtResource("4_fib3x")]
transform = Transform3D(-0.741503, -2.23626, -8.167, -8.3875, -0.931105, 1.01648, -1.16205, 8.14755, -2.12543, 24.3593, 53.8136, -52.3831)

[node name="Tree60" type="Node3D" parent="." instance=ExtResource("4_fib3x")]
transform = Transform3D(-0.648787, 6.27832, -5.69317, 2.2397, 5.63385, 5.95769, 8.17393, -1.04537, -2.08432, -20.6855, 20.1373, -69.188)

[node name="Tree61" type="Node3D" parent="." instance=ExtResource("4_fib3x")]
transform = Transform3D(-0.594928, 6.21207, -5.7712, 2.44227, 5.66574, 5.84681, 8.11983, -1.24898, -2.18144, -23.2066, 23.6314, -65.5489)

[node name="Tree62" type="Node3D" parent="." instance=ExtResource("4_fib3x")]
transform = Transform3D(-7.22247, -3.66571, -2.57855, -3.27128, 7.65464, -1.71917, 3.0635, -0.468407, -7.91494, -27.8767, 24.0922, -64.3895)

[node name="Tree63" type="Node3D" parent="." instance=ExtResource("4_fib3x")]
transform = Transform3D(-6.51384, 0.806868, -5.40086, -1.24392, 7.96647, 2.69043, 5.31722, 2.85213, -5.9869, -38.4186, 23.182, -63.072)

[node name="Tree64" type="Node3D" parent="." instance=ExtResource("4_fib3x")]
transform = Transform3D(-6.51385, 5.40085, 0.806872, -1.24391, -2.69042, 7.96649, 5.31722, 5.98689, 2.85214, -37.8896, 28.385, -57.8932)

[node name="Tree65" type="Node3D" parent="." instance=ExtResource("4_fib3x")]
transform = Transform3D(-3.34993, 2.35108, 7.4499, 5.09622, 6.80131, 0.145175, -5.92089, 4.52382, -4.09006, -56.1068, 34.0612, 52.6783)

[node name="Tree66" type="Node3D" parent="." instance=ExtResource("4_fib3x")]
transform = Transform3D(-3.34993, 7.44988, -2.35109, 5.09623, 0.145177, -6.80132, -5.92088, -4.09006, -4.52384, -53.5334, 34.4323, 52.5224)

[node name="Tree67" type="Node3D" parent="." instance=ExtResource("4_fib3x")]
transform = Transform3D(-3.69045, 5.72438, 5.08553, 3.03811, 6.27664, -4.86046, -7.02858, -0.292574, -4.77117, -42.0545, 29.6038, 56.4078)

[node name="Tree68" type="Node3D" parent="." instance=ExtResource("4_fib3x")]
transform = Transform3D(-5.51795, -2.17963, 6.08704, -4.02394, 7.42143, -0.990298, -5.06069, -3.52449, -5.84962, -36.927, 26.1491, 57.2794)

[node name="Tree69" type="Node3D" parent="." instance=ExtResource("4_fib3x")]
transform = Transform3D(-4.39821, -3.75312, 6.2306, -6.44208, 5.39066, -1.30033, -3.37725, -5.39493, -5.63378, -29.1425, 27.2376, 54.4584)

[node name="Tree70" type="Node3D" parent="." instance=ExtResource("4_fib3x")]
transform = Transform3D(-0.484191, 0.745821, 0.457505, 0.512406, 0.665545, -0.54267, -0.709225, -0.0283273, -0.704413, 0.723435, 16.3962, -93.9833)

[node name="Tree71" type="Node3D" parent="." instance=ExtResource("4_fib3x")]
transform = Transform3D(-0.389874, 0.260927, 0.883128, -0.18764, 0.916387, -0.353591, -0.901549, -0.303566, -0.308315, 1.10268, 16.1292, -93.8202)

[node name="Tree72" type="Node3D" parent="." instance=ExtResource("4_fib3x")]
transform = Transform3D(-0.284997, 0.413668, 0.864671, 0.0962812, 0.909874, -0.403559, -0.953681, -0.0317616, -0.29914, 7.4788, 15.3787, -90.9152)

[node name="Tree73" type="Node3D" parent="." instance=ExtResource("4_fib3x")]
transform = Transform3D(0.413668, 0.284997, 0.864671, 0.909874, -0.0962812, -0.403559, -0.0317616, 0.953681, -0.29914, 7.87519, 15.5342, -90.7297)

[node name="Tree74" type="Node3D" parent="." instance=ExtResource("4_fib3x")]
transform = Transform3D(-0.321532, 0.129913, 0.937944, -0.0313146, 0.988543, -0.147656, -0.946381, -0.0768474, -0.31378, 10.1398, 14.7241, -90.5504)

[node name="Tree75" type="Node3D" parent="." instance=ExtResource("4_fib3x")]
transform = Transform3D(-0.321532, 0.129913, 0.937944, -0.0313146, 0.988543, -0.147656, -0.946381, -0.0768474, -0.31378, 14.375, 14.235, -89.6832)

[node name="Tree76" type="Node3D" parent="." instance=ExtResource("4_fib3x")]
transform = Transform3D(-0.347458, 0.532849, 0.771586, -0.0468907, 0.811951, -0.581839, -0.936523, -0.238345, -0.257133, 16.6173, 13.6337, -89.5892)

[node name="Tree77" type="Node3D" parent="." instance=ExtResource("4_fib3x")]
transform = Transform3D(-0.184806, 0.467719, 0.864341, 0.227496, 0.875962, -0.425366, -0.956082, 0.118024, -0.268287, 19.363, 12.0929, -89.8469)

[node name="Tree78" type="Node3D" parent="." instance=ExtResource("4_fib3x")]
transform = Transform3D(-0.184806, 0.467719, 0.864341, 0.227496, 0.875962, -0.425366, -0.956082, 0.118024, -0.268287, 21.3771, 11.1137, -90.5609)

[node name="Tree79" type="Node3D" parent="." instance=ExtResource("4_fib3x")]
transform = Transform3D(-0.233477, -0.282743, 0.930347, -0.250822, 0.941923, 0.223315, -0.939456, -0.181213, -0.290835, 26.2054, 11.9847, -89.8678)

[node name="Tree80" type="Node3D" parent="." instance=ExtResource("4_fib3x")]
transform = Transform3D(-0.138242, 0.201628, 0.969657, 0.359171, 0.922614, -0.14064, -0.922976, 0.328831, -0.199963, 30.1529, 10.785, -91.6911)

[node name="Tree81" type="Node3D" parent="." instance=ExtResource("4_fib3x")]
transform = Transform3D(-0.0971825, -0.306126, 0.947017, 0.131559, 0.939221, 0.317106, -0.986533, 0.155406, -0.0510021, 33.3706, 11.767, -91.0681)

[node name="Tree82" type="Node3D" parent="." instance=ExtResource("4_fib3x")]
transform = Transform3D(0.977775, -2.78835e-07, -0.209655, 2.86847e-07, 1, 7.81026e-09, 0.209655, -6.77758e-08, 0.977775, 30.6767, 3.75475, 19.8457)

[node name="Tree83" type="Node3D" parent="." instance=ExtResource("4_fib3x")]
transform = Transform3D(0.904157, -0.266101, -0.334201, 0.38081, 0.856577, 0.348223, 0.193606, -0.442115, 0.875814, 39.6423, 13.7319, 9.89912)

[node name="Tree84" type="Node3D" parent="." instance=ExtResource("4_fib3x")]
transform = Transform3D(0.904157, -0.266101, -0.334201, 0.38081, 0.856577, 0.348223, 0.193606, -0.442115, 0.875814, 40.7941, 12.8615, 6.94341)

[node name="Tree85" type="Node3D" parent="." instance=ExtResource("4_fib3x")]
transform = Transform3D(0.690916, -0.70607, -0.155245, 0.689801, 0.708136, -0.150722, 0.216355, -0.00295182, 0.97631, 42.1257, 12.962, 3.64777)

[node name="Tree86" type="Node3D" parent="." instance=ExtResource("4_fib3x")]
transform = Transform3D(0.690916, -0.70607, -0.155245, 0.689801, 0.708136, -0.150722, 0.216355, -0.00295182, 0.97631, 43.5714, 14.3927, 1.06953)

[node name="Tree87" type="Node3D" parent="." instance=ExtResource("4_fib3x")]
transform = Transform3D(-0.468689, -2.51136e-07, -3.97245, -1.78814e-06, 4, -4.19041e-08, 3.97244, 1.77091e-06, -0.46869, -8.67765, 25.4002, 59.8707)

[node name="Tree88" type="Node3D" parent="." instance=ExtResource("4_fib3x")]
transform = Transform3D(-0.468689, -2.51136e-07, -3.97245, -1.78814e-06, 4, -4.19041e-08, 3.97244, 1.77091e-06, -0.46869, -17.1275, 25.2764, 55.5223)

[node name="Tree89" type="Node3D" parent="." instance=ExtResource("4_fib3x")]
transform = Transform3D(-0.468689, -2.51136e-07, -3.97245, -1.78814e-06, 4, -4.19041e-08, 3.97244, 1.77091e-06, -0.46869, -28.4484, 18.4248, 45.3435)
